   1   -145549     1   -145297   -145375   -145485 55  1   1   1   0   0
   2   -145549     1   -145525   -145516   -145485 34  0   1   1   0   0
   3   -145571     1   -145525   -145528   -145542 23  1   1   1   0   0
   4   -145571     1   -145533   -145535   -145542 25  0   1   1   0   0
   5   -145571     1   -145533   -145540   -145542 26  0   1   1   0   0
   6   -145571     1   -145552   -145544   -145542 23  0   1   1   0   0
   7   -145571     1   -145552   -145546   -145540 20  0   1   1   0   0
   8   -145571     1   -145552   -145550   -145551 19  0   1   1   0   0
   9   -145571     1   -145552   -145553   -145551 19  0   1   1   0   0
  10   -145571     1   -145552   -145555   -145551 15  0   1   1   0   0
  11   -145571     1   -145552   -145556   -145551 14  0   1   1   0   0
  12   -145571     2   -145558   -145558   -145564 17  1   1   1   0   0
  13   -145571     2   -145558   -145560   -145564 18  0   1   1   0   0
  14   -145571     2   -145564   -145561   -145564 15  0   1   1   0   0
  15   -145571     3   -145564   -145562   -145564  8  1   1   1   0   0
  16   -145571     3   -145564   -145562   -145564  7  0   1   1   0   0
  17   -145571     3   -145564   -145563   -145564  9  0   1   1   0   0
  18   -145574     1   -145564   -145564   -145564 10  1   1   1   0   0
  19   -145575     1   -145564   -145565   -145564 12  1   1   1   0   0
  20   -145576     1   -145569   -145567   -145564 15  1   1   1   0   0
  21   -145576     1   -145569   -145568   -145570 12  0   1   1   0   0
  22   -145576     2   -145569   -145569   -145570 15  1   1   1   0   0
  23   -145579     1   -145569   -145571   -145570 15  1   1   1   0   0
  24   -145579     1   -145572   -145572   -145570 17  0   1   1   0   0
  25   -145579     2   -145572   -145573   -145572 16  1   1   1   0   0
  26   -145579     2   -145572   -145574   -145572 20  0   1   1   0   0
  27   -145579     2   -145573   -145575   -145577 18  0   1   1   0   0
  28   -145579     4   -145579   -145576   -145577 19  2   1   1   0   0
  29   -145579     5   -145579   -145576   -145577 17  1   1   1   0   0
  30   -145579    10   -145579   -145577   -145577 23  5   1   1   0   0
  31   -145579    19   -145579   -145578   -145577 23  9   1   1   0   0
  32   -145579    35   -145579   -145579   -145579 23 16   1   1   0   0
  33   -145579    65   -145579   -145579   -145579 28 30   1   1   0   0
  34   -145579   105   -145579   -145579   -145579 15 40   1   1   0   0
  35   -145579   145   -145579   -145579   -145579  9 40   1   1   0   0
  36   -145579   184   -145579   -145579   -145579 10 39   1   1   0   0
  37   -145579   222   -145579   -145579   -145579 11 38   1   1   0   0
  38   -145579   262   -145579   -145579   -145579  8 40   1   1   0   0
  39   -145579   302   -145579   -145579   -145579  3 40   1   1   0   0
  40   -145579   337   -145579   -145579   -145579 13 35   1   1   0   0
  41   -145579   377   -145579   -145579   -145579  4 40   1   1   0   0
  42   -145579   414   -145579   -145579   -145579  5 37   1   1   0   0
  43   -145579   451   -145579   -145579   -145579  8 37   1   1   0   0
  44   -145579   488   -145579   -145579   -145579  5 37   1   1   0   0
  45   -145579   525   -145579   -145579   -145579  9 37   1   1   0   0
  46   -145579   563   -145579   -145579   -145579  4 38   1   1   0   0
  47   -145579   602   -145579   -145579   -145579  2 39   1   1   0   0
  48   -145579   641   -145579   -145579   -145579  4 39   1   1   0   0
  49   -145579   676   -145579   -145579   -145579  7 35   1   1   0   0
  50   -145579   716   -145579   -145579   -145579  4 40   1   1   0   0
  51   -145579   754   -145579   -145579   -145579  4 38   1   1   0   0
  52   -145579   794   -145579   -145579   -145579  1 40   1   1   0   0
  53   -145579   832   -145579   -145579   -145579  5 38   1   1   0   0
  54   -145579   869   -145579   -145579   -145579  3 37   1   1   0   0
  55   -145579   907   -145579   -145579   -145579  2 38   1   1   0   0
  56   -145579   945   -145579   -145579   -145579  1 38   1   1   0   0
  57   -145579   983   -145579   -145579   -145579  4 38   1   1   0   0
  58   -145579  1021   -145579   -145579   -145579  4 38   1   1   0   0
  59   -145579  1060   -145579   -145579   -145579  0 39   1   1   0   0
  60   -145579  1099   -145579   -144013   -143904  2 39   1  60   0   1
  61   -145579  1099   -145579   -145371   -145430 55  0   1  60   0   1
  62   -145579  1099   -145579   -145515   -145535 32  0   1  60   0   1
  63   -145579  1099   -145579   -145532   -145535 26  0   1  60   0   1
  64   -145579  1099   -145579   -145540   -145535 23  0   1  60   0   1
  65   -145579  1099   -145579   -145545   -145535 20  0   1  60   0   1
  66   -145579  1099   -145579   -145549   -145541 16  0   1  60   0   1
  67   -145579  1099   -145579   -145552   -145562 20  0   1  60   0   1
  68   -145579  1099   -145579   -145554   -145562 14  0   1  60   0   1
  69   -145579  1099   -145579   -145557   -145562 16  0   1  60   0   1
  70   -145579  1099   -145579   -145558   -145562 16  0   1  60   0   1
  71   -145579  1100   -145579   -145561   -145562 18  1   1  60   0   1
  72   -145579  1100   -145579   -145564   -145562 18  0   1  60   0   1
  73   -145579  1101   -145579   -145567   -145564 16  1   1  60   0   1
  74   -145579  1103   -145579   -145569   -145567 21  2   1  60   0   1
  75   -145579  1104   -145579   -145572   -145567 19  1   1  60   0   1
  76   -145579  1108   -145579   -145574   -145572 21  4   1  60   0   1
  77   -145579  1119   -145579   -145577   -145578 23 11   1  60   0   1
  78   -145579  1138   -145579   -145579   -145578 25 19   1  60   0   1
  79   -145579  1166   -145579   -145579   -145579 23 28   1  60   0   1
  80   -145579  1202   -145579   -145579   -145579 11 36   1  60   0   1
  81   -145579  1238   -145579   -145579   -145579 10 36   1  60   0   1
  82   -145579  1275   -145579   -145579   -145579  9 37   1  60   0   1
  83   -145579  1309   -145579   -145579   -145579 13 34   1  60   0   1
  84   -145579  1348   -145579   -145579   -145579 12 39   1  60   0   1
  85   -145579  1384   -145579   -145579   -145579  7 36   1  60   0   1
  86   -145579  1423   -145579   -145579   -145579  7 39   1  60   0   1
  87   -145579  1463   -145579   -145579   -145579  4 40   1  60   0   1
  88   -145579  1502   -145579   -145579   -145579  4 39   1  60   0   1
  89   -145579  1539   -145579   -145579   -145579  4 37   1  60   0   1
  90   -145579  1572   -145579   -145579   -145579  9 33   1  60   0   1
  91   -145579  1611   -145579   -145579   -145579  6 39   1  60   0   1
  92   -145579  1645   -145579   -145579   -145579  4 34   1  60   0   1
  93   -145579  1676   -145579   -145579   -145579  3 31   1  60   0   1
  94   -145579  1710   -145579   -145579   -145579  3 34   1  60   0   1
  95   -145579  1742   -145579   -145579   -145579  2 32   1  60   0   1
  96   -145579  1777   -145579   -145579   -145579  2 35   1  60   0   1
  97   -145579  1811   -145579   -145579   -145579  0 34   1  60   0   1
  98   -145579  1850   -145579   -145579   -145579  2 39   1  60   0   1
  99   -145579  1889   -145579   -145579   -145579  2 39   1  60   0   1
 100   -145579  1927   -145579   -145579   -145579  2 38   1  60   0   1
 101   -145579  1963   -144049   -143921   -144119  3 36 101  60   1   1
