    1   -126326.971422968     1  -125898.9765779  -126212.9384015  -126242.9721346 55  1   1   1   0   0
    2   -126358.970773827     1  -126278.9710210  -126295.1543077  -126280.9692064 40  1   1   1   0   0
    3   -126358.970773827     1  -126312.9726987  -126324.9877694  -126320.9714306 34  0   1   1   0   0
    4   -126358.970773827     1  -126322.9708794  -126339.1712958  -126346.9689783 33  0   1   1   0   0
    5   -126358.970773827     2  -126358.9707738  -126347.1379634  -126356.9717348 29  1   1   1   0   0
    6   -126362.970694066     2  -126358.9707738  -126352.3711345  -126350.9704832 29  2   1   1   0   0
    7   -126362.971530477     5  -126358.9707738  -126356.5710874  -126350.9730320 28  3   1   1   0   0
    8   -126368.970493897     1  -126358.9707738  -126359.2376597  -126368.9704939 21  1   1   1   0   0
    9   -126368.970493897     1  -126358.9707738  -126361.4709270  -126362.9701617 21  0   1   1   0   0
   10   -126368.971101001     3  -126362.9706735  -126363.5707298  -126362.9705305 24  2   1   1   0   0
   11   -126368.971101001     3  -126362.9706735  -126364.4707458  -126364.9712737 18  0   1   1   0   0
   12   -126368.971175184     4  -126362.9706735  -126365.1041015  -126364.9707356 14  1   1   1   0   0
   13   -126368.972200053     7  -126362.9706941  -126365.7708583  -126366.9706552 16  3   1   1   0   0
   14   -126368.972200053    10  -126368.9704939  -126366.2709934  -126366.9710531 12  3   1   1   0   0
   15   -126370.970839177     1  -126368.9704939  -126366.7710489  -126368.9721889 10  1   1   1   0   0
   16   -126370.970869636     2  -126368.9704939  -126367.5378456  -126368.9710477 16  1   1   1   0   0
   17   -126370.972021882     6  -126368.9704939  -126368.1711934  -126368.9703980 13  4   1   1   0   0
   18   -126370.972021882     9  -126368.9704939  -126368.5378596  -126368.9705231 10  3   1   1   0   0
   19   -126372.971758591     2  -126368.9704939  -126369.0045495  -126370.9708964  7  2   1   1   0   0
   20   -126372.971758591     4  -126368.9704939  -126369.5711685  -126368.9712134 14  2   1   1   0   0
   21   -126372.971758591     4  -126368.9697525  -126369.8044836  -126370.9695311  7  0   1   1   0   0
   22   -126372.971758591     6  -126368.9697525  -126370.2044836  -126370.9712824 11  2   1   1   0   0
   23   -126372.971758591     8  -126368.9697525  -126370.5711354  -126370.9711064  8  2   1   1   0   0
   24   -126372.971758591    10  -126368.9712800  -126371.1044048  -126370.9715198 14  2   1   1   0   0
   25   -126372.971758591    10  -126368.9712800  -126371.2710153  -126370.9710327  6  0   1   1   0   0
   26   -126372.971758591    12  -126368.9712800  -126371.3376460  -126370.9707424  4  2   1   1   0   0
   27   -126372.971758591    17  -126368.9712800  -126371.5042863  -126372.9716274  7  5   1   1   0   0
   28   -126372.971758591    21  -126368.9712800  -126371.6376503  -126372.9712512  5  4   1   1   0   0
   29   -126372.971758591    29  -126370.9708392  -126371.9376301  -126372.9712970 11  8   1   1   0   0
   30   -126372.971758591    38  -126370.9708392  -126372.2375625  -126372.9704405 10  9   1   1   0   0
   31   -126372.971758591    49  -126370.9720219  -126372.6042906  -126372.9702610 11 11   1   1   0   0
   32   -126372.971943743    58  -126372.9709546  -126372.9042666  -126372.9705205  9  9   1   1   0   0
   33   -126372.972360796    76  -126372.9709546  -126372.9711743  -126372.9716968 14 18   1   1   0   0
   34   -126372.972360796    93  -126372.9709546  -126372.9713280  -126372.9713816 14 17   1   1   0   0
   35   -126372.972360796   113  -126372.9717586  -126372.9714368  -126372.9723255 12 20   1   1   0   0
   36   -126372.972360796   132  -126372.9717586  -126372.9715046  -126372.9713235  7 19   1   1   0   0
   37   -126372.972360796   144  -126372.9717586  -126372.9715331  -126372.9717663  4 12   1   1   0   0
   38   -126372.972360796   154  -126372.9717586  -126372.9715709  -126372.9719245  3 10   1   1   0   0
   39   -126372.972360796   173  -126372.9717586  -126372.9715872  -126372.9715791  3 19   1   1   0   0
   40   -126372.972360796   193  -126372.9717586  -126372.9716502  -126372.9720604  8 20   1   1   0   0
   41   -126372.972360796   202  -126372.9717586  -126372.9716765  -126372.9718385  2  9   1   1   0   0
   42   -126372.972360796   216  -126372.9717586  -126372.9716931  -126372.9720046  3 14   1   1   0   0
   43   -126372.972360796   227  -126372.9717586  -126372.9717044  -126372.9715773  3 11   1   1   0   0
   44   -126372.972360796   246  -126372.9717586  -126372.9717172  -126372.9716127  3 19   1   1   0   0
   45   -126372.972360796   260  -126372.9717586  -126372.9717210  -126372.9717448  1 14   1   1   0   0
   46   -126372.972360796   276  -126372.9717586  -126372.9717691  -126372.9721461  6 16   1   1   0   0
   47   -126372.972360796   292  -126372.9717586  -126372.9717916  -126372.9718204  4 16   1   1   0   0
   48   -126372.972360796   309  -126372.9717586  -126372.9718169  -126372.9717920  6 17   1   1   0   0
   49   -126372.972360796   324  -126372.9717586  -126372.9718275  -126372.9717405  2 15   1   1   0   0
   50   -126372.972495698   342  -126372.9717586  -126372.9718516  -126372.9724957  2 18   1   1   0   0
   51   -126372.972495698   358  -126372.9717586  -126372.9718751  -126372.9720306  4 16   1   1   0   0
   52   -126372.972495698   375  -126372.9717586  -126372.9718751  -126372.9720306  0 17   1   1   0   0
   53   -126372.972495698   392  -126372.9717586  -126372.9718779  -126372.9717584  1 17   1   1   0   0
   54   -126372.972495698   407  -126372.9717586  -126372.9718907  -126372.9720302  4 15   1   1   0   0
   55   -126372.972495698   422  -126372.9717586  -126372.9719198  -126372.9717862  5 15   1   1   0   0
   56   -126372.972495698   437  -126372.9717586  -126372.9719235  -126372.9717901  2 15   1   1   0   0
   57   -126372.972495698   457  -126372.9717586  -126372.9719238  -126372.9717252  1 20   1   1   0   0
   58   -126372.972495698   474  -126372.9717586  -126372.9719367  -126372.9720426  3 17   1   1   0   0
   59   -126372.972495698   490  -126372.9717586  -126372.9719625  -126372.9717960  4 16   1   1   0   0
   60   -126372.974916204   499  -126372.9719437  -126372.9724348  -126372.9749143  9  9   1   1   0   0
   61   -126372.974916204   504  -126372.9719437  -126372.9726866  -126372.9748506  5  5   1   1   0   0
   62   -126372.974916204   506  -126372.9719437  -126372.9727765  -126372.9741994  2  2   1   1   0   0
   63   -126372.974916204   507  -126372.9719437  -126372.9728305  -126372.9749161  1  1   1   1   0   0
   64   -126372.974916204   509  -126372.9719437  -126372.9729102  -126372.9741981  2  2   1   1   0   0
   65   -126372.974916204   512  -126372.9719437  -126372.9730408  -126372.9741338  3  3   1   1   0   0
   66   -126372.974916204   517  -126372.9719437  -126372.9732557  -126372.9741339  5  5   1   1   0   0
   67   -126372.974916204   521  -126372.9723608  -126372.9734399  -126372.9748511  4  4   1   1   0   0
   68   -126372.974916204   522  -126372.9723608  -126372.9734882  -126372.9749158  1  1   1   1   0   0
   69   -126372.974916204   523  -126372.9723608  -126372.9735258  -126372.9741342  1  1   1   1   0   0
   70   -126372.974916204   525  -126372.9723608  -126372.9736110  -126372.9749148  2  2   1   1   0   0
   71   -126372.974916204   528  -126372.9749162  -125550.8105729  -125632.9742368  3  3   1  71   0   1
   72   -126372.974916204   528  -126372.9749162  -126210.6880707  -126322.9697291 55  0   1  71   0   1
   73   -126372.974916204   528  -126372.9749162  -126297.3043003  -126298.9701665 37  0   1  71   0   1
   74   -126372.974916204   528  -126372.9749162  -126325.0711198  -126322.9723383 37  0   1  71   0   1
   75   -126372.974916204   528  -126372.9749162  -126340.8878389  -126334.9714546 34  0   1  71   0   1
   76   -126372.974916204   528  -126372.9749162  -126350.0711604  -126352.9699782 28  0   1  71   0   1
   77   -126372.974916204   528  -126372.9749162  -126357.9044295  -126352.9722576 32  0   1  71   0   1
   78   -126372.974916204   528  -126372.9749162  -126361.4045300  -126360.9711811 25  0   1  71   0   1
   79   -126372.974916204   528  -126372.9749162  -126363.7045298  -126362.9706616 23  0   1  71   0   1
   80   -126372.974916204   528  -126372.9749162  -126365.5711209  -126364.9711697 24  0   1  71   0   1
   81   -126372.974916204   528  -126372.9749162  -126366.6043960  -126366.9704505 16  0   1  71   0   1
   82   -126372.974916204   529  -126372.9749162  -126367.7377785  -126366.9705148 16  1   1  71   0   1
   83   -126372.974916204   530  -126372.9749162  -126368.4044872  -126368.9715181 11  1   1  71   0   1
   84   -126372.974916204   530  -126372.9749162  -126369.0044572  -126368.9713266 13  0   1  71   0   1
   85   -126372.974916204   531  -126372.9749162  -126369.5044631  -126368.9723659 11  1   1  71   0   1
   86   -126372.974916204   531  -126372.9749162  -126369.7378082  -126368.9705184  7  0   1  71   0   1
   87   -126372.974916204   531  -126372.9749162  -126370.0377875  -126370.9715512 11  0   1  71   0   1
   88   -126372.974916204   533  -126372.9749162  -126370.5044093  -126368.9724270 14  2   1  71   0   1
   89   -126372.974916204   534  -126372.9749162  -126370.9710391  -126370.9716356 13  1   1  71   0   1
   90   -126372.974916204   537  -126372.9749162  -126371.3042396  -126372.9705590  9  3   1  71   0   1
   91   -126372.974916204   540  -126372.9749162  -126371.4042569  -126372.9709470  7  3   1  71   0   1
   92   -126372.974916204   545  -126372.9749162  -126371.5708892  -126370.9707626  7  5   1  71   0   1
   93   -126372.974916204   555  -126372.9749162  -126371.9043182  -126372.9716577 13 10   1  71   0   1
   94   -126372.974916204   563  -126372.9749162  -126372.1710442  -126370.9699127 13  8   1  71   0   1
   95   -126372.974916204   570  -126372.9749162  -126372.4043698  -126370.9708983 11  7   1  71   0   1
   96   -126372.974916204   582  -126372.9749162  -126372.8043258  -126372.9701532 12 12   1  71   0   1
   97   -126372.974916204   596  -126372.9749162  -126372.9709668  -126372.9712052  9 14   1  71   0   1
   98   -126372.974916204   613  -126372.9749162  -126372.9711490  -126372.9707896 11 17   1  71   0   1
   99   -126372.974916204   625  -126372.9749162  -126372.9712436  -126372.9715736  7 12   1  71   0   1
  100   -126372.974916204   637  -126372.9749162  -126372.9713074  -126372.9712040  8 12   1  71   0   1
  101   -126372.974916204   650  -126372.9749162  -126372.9713887  -126372.9712962  8 13   1  71   0   1
  102   -126372.974916204   657  -126372.9749162  -126372.9714102  -126372.9713755  2  7   1  71   0   1
  103   -126372.974916204   668  -126372.9749162  -126372.9714400  -126372.9713822  3 11   1  71   0   1
  104   -126372.974916204   686  -126372.9749162  -126372.9714836  -126372.9718394  4 18   1  71   0   1
  105   -126372.974916204   701  -126372.9749162  -126372.9715201  -126372.9713284  5 15   1  71   0   1
  106   -126372.974916204   716  -126372.9749162  -126372.9715983  -126372.9715162  7 15   1  71   0   1
  107   -126372.974916204   726  -126372.9749162  -126372.9716119  -126372.9716920  3 10   1  71   0   1
  108   -126372.974916204   737  -126372.9749162  -126372.9716462  -126372.9718513  5 11   1  71   0   1
  109   -126372.974916204   752  -126372.9749162  -126372.9716925  -126372.9723427  5 15   1  71   0   1
  110   -126372.974916204   771  -126372.9749162  -126372.9717060  -126372.9721229  1 19   1  71   0   1
  111   -126372.974916204   786  -126372.9749162  -126372.9717159  -126372.9714031  1 15   1  71   0   1
  112   -126372.974916204   798  -126372.9749162  -126372.9717346  -126372.9718247  3 12   1  71   0   1
  113   -126372.974916204   811  -126372.9749162  -126372.9717394  -126372.9713485  3 13   1  71   0   1
  114   -126372.974916204   831  -126372.9749162  -126372.9718071  -126372.9720754  9 20   1  71   0   1
  115   -126372.974916204   845  -126372.9749162  -126372.9718305  -126372.9718250  2 14   1  71   0   1
  116   -126372.974916204   857  -126372.9749162  -126372.9718368  -126372.9716174  1 12   1  71   0   1
  117   -126372.974916204   870  -126372.9749162  -126372.9718474  -126372.9718450  2 13   1  71   0   1
  118   -126372.974916204   888  -126372.9749162  -126372.9718639  -126372.9720319  3 18   1  71   0   1
  119   -126372.974916204   907  -126372.9749162  -126372.9718915  -126372.9720531  2 19   1  71   0   1
  120   -126372.974916204   927  -126372.9749162  -126372.9719178  -126372.9719654  6 20   1  71   0   1
  121   -126372.974916204   950  -126372.9749162  -126372.9719312  -126372.9718484  2 23   1  71   0   1
  122   -126372.974916204   968  -126372.9749162  -126372.9719373  -126372.9719215  2 18   1  71   0   1
  123   -126372.974916204   984  -126372.9749162  -126372.9719392  -126372.9717511  1 16   1  71   0   1
  124   -126372.974916204   993  -126372.9749162  -126372.9719413  -126372.9715796  1  9   1  71   0   1
  125   -126372.974916204  1006  -126372.9749162  -126372.9719516  -126372.9721469  2 13   1  71   0   1
  126   -126372.974916204  1019  -126372.9749162  -126372.9719576  -126372.9719411  1 13   1  71   0   1
  127   -126372.974916204  1034  -126372.9749162  -126372.9719664  -126372.9718375  2 15   1  71   0   1
  128   -126372.974916204  1047  -126372.9749162  -126372.9719705  -126372.9718858  1 13   1  71   0   1
  129   -126372.974916204  1062  -126372.9749162  -126372.9719705  -126372.9718858  0 15   1  71   0   1
  130   -126372.974916204  1082  -126372.9749162  -126372.9719753  -126372.9720902  2 20   1  71   0   1
  131   -126372.974916204  1098  -126372.9749162  -126372.9719832  -126372.9717678  3 16   1  71   0   1
  132   -126372.974916204  1101  -126372.9749162  -126372.9727464  -126372.9749147 15  3   1  71   0   1
  133   -126374.974180203     1  -126372.9749162  -126373.0060566  -126372.9741335  2  1   1  71   0   1
  134   -126374.974180203     1  -126372.9749162  -126373.0060566  -126372.9741989  1  0   1  71   0   1
  135   -126374.974180203     1  -126372.9749162  -126373.0060426  -126372.9740740  2  0   1  71   0   1
