    1   -126326.972133930     1  -126326.9721339  -126208.5548224  -125708.9785716 55  1   1   1   0   0
    2   -126334.972267906     3  -126334.9722679  -126291.2375933  -126240.9683669 37  3   1   1   0   0
    3   -126358.971922170     1  -126358.9719222  -126327.6711581  -126296.9695910 39  1   1   1   0   0
    4   -126362.969962357     1  -126362.9699624  -126342.4713975  -126318.9713226 33  1   1   1   0   0
    5   -126362.970390032     2  -126362.9703900  -126349.4380755  -126334.9712866 26  1   1   1   0   0
    6   -126362.971124991     4  -126362.9711250  -126353.6712959  -126342.9707240 25  2   1   1   0   0
    7   -126362.971353001     6  -126362.9713530  -126357.0378854  -126348.9712349 24  2   1   1   0   0
    8   -126368.970714749     1  -126368.9707147  -126359.9044821  -126352.9713009 24  1   1   1   0   0
    9   -126370.971277103     1  -126370.9712771  -126362.6044004  -126356.9713189 24  1   1   1   0   0
   10   -126370.971277103     1  -126370.9712771  -126364.3377246  -126360.9701612 26  0   1   1   0   0
   11   -126370.971277103     1  -126370.9712771  -126365.5377097  -126360.9708235 22  0   1   1   0   0
   12   -126370.971277103     1  -126370.9712771  -126366.1710287  -126362.9720993 14  0   1   1   0   0
   13   -126370.971277103     1  -126370.9712771  -126366.5043345  -126362.9720993 10  0   1   1   0   0
   14   -126370.971277103     1  -126370.9712771  -126367.0044252  -126362.9720993 12  0   1   1   0   0
   15   -126370.971277103     1  -126370.9712771  -126367.3376806  -126364.9706219 13  0   1   1   0   0
   16   -126370.971277103     1  -126370.9712771  -126367.5710532  -126366.9695701 11  0   1   1   0   0
   17   -126370.971277103     2  -126370.9712771  -126367.8043636  -126366.9695701  7  1   1   1   0   0
   18   -126370.971277103     2  -126370.9712771  -126367.9710195  -126366.9695701  6  0   1   1   0   0
   19   -126370.971981426     4  -126370.9719814  -126368.3376978  -126366.9702265 10  2   1   1   0   0
   20   -126370.972219103     6  -126370.9722191  -126368.6710157  -126366.9702636  8  2   1   1   0   0
   21   -126370.972219103    11  -126370.9722191  -126369.1710223  -126366.9704216 10  5   1   1   0   0
   22   -126370.972219103    13  -126370.9722191  -126369.3710275  -126366.9716178 10  2   1   1   0   0
   23   -126370.972219103    15  -126370.9722191  -126369.4710496  -126368.9696651  5  2   1   1   0   0
   24   -126372.971002606     1  -126372.9710026  -126369.6710546  -126368.9696651 10  1   1   1   0   0
   25   -126372.971002606     1  -126372.9710026  -126369.9710422  -126368.9696651  9  0   1   1   0   0
   26   -126372.971002606     1  -126372.9710026  -126370.1709540  -126368.9696651  9  0   1   1   0   0
   27   -126372.971002606     1  -126372.9710026  -126370.4709516  -126368.9696651 10  0   1   1   0   0
   28   -126372.971002606     1  -126372.9710026  -126370.8709431  -126368.9701984 12  0   1   1   0   0
   29   -126372.971002606     1  -126372.9710026  -126371.0044161  -126370.9694309 13  0   1   1   0   0
   30   -126372.971002606     1  -126372.9710026  -126371.0044161  -126370.9694309  6  0   1   1   0   0
   31   -126372.971405477     2  -126372.9714055  -126371.0377659  -126370.9694309  8  1   1   1   0   0
   32   -126372.971405477     2  -126372.9714055  -126371.0378157  -126370.9698528  4  0   1   1   0   0
   33   -126372.971405477     2  -126372.9714055  -126371.0378030  -126370.9698528  6  0   1   1   0   0
   34   -126372.971405477     4  -126372.9714055  -126371.1044350  -126370.9695893  9  2   1   1   0   0
   35   -126372.971405477     5  -126372.9714055  -126371.1377369  -126370.9692077  6  1   1   1   0   0
   36   -126372.971529318     6  -126372.9715293  -126371.1710538  -126370.9692077  6  1   1   1   0   0
   37   -126372.971529318     7  -126372.9715293  -126371.2043798  -126370.9692077  4  1   1   1   0   0
   38   -126372.971650579     8  -126372.9716506  -126371.2377225  -126370.9692077  5  1   1   1   0   0
   39   -126372.971650579    10  -126372.9716506  -126371.3043971  -126370.9692077  7  2   1   1   0   0
   40   -126372.971650579    13  -126372.9716506  -126371.4044095  -126370.9700250  5  3   1   1   0   0
   41   -126372.972050626    18  -126372.9720506  -126371.5710833  -126370.9700250  8  5   1   1   0   0
   42   -126372.972050626    20  -126372.9720506  -126371.6377284  -126370.9700250  3  2   1   1   0   0
   43   -126372.972050626    23  -126372.9720506  -126371.7377300  -126370.9700250  4  3   1   1   0   0
   44   -126372.972050626    26  -126372.9720506  -126371.8376801  -126370.9699365  6  3   1   1   0   0
   45   -126372.972050626    32  -126372.9720506  -126372.0376873  -126370.9699365  9  6   1   1   0   0
   46   -126372.972050626    39  -126372.9720506  -126372.2710106  -126370.9699365  7  7   1   1   0   0
   47   -126372.972050626    52  -126372.9720506  -126372.7042582  -126370.9701516 14 13   1   1   0   0
   48   -126372.972050626    67  -126372.9720506  -126372.9710761  -126372.9700851 14 15   1   1   0   0
   49   -126372.972050626    80  -126372.9720506  -126372.9712076  -126372.9704329  9 13   1   1   0   0
   50   -126372.972050626    95  -126372.9720506  -126372.9713086  -126372.9706339 11 15   1   1   0   0
   51   -126372.972255275   110  -126372.9722553  -126372.9714068  -126372.9708640 10 15   1   1   0   0
   52   -126372.972255275   126  -126372.9722553  -126372.9714579  -126372.9708640  7 16   1   1   0   0
   53   -126372.972255275   140  -126372.9722553  -126372.9714961  -126372.9708640  5 14   1   1   0   0
   54   -126372.972559266   156  -126372.9725593  -126372.9715431  -126372.9711168  4 16   1   1   0   0
   55   -126372.972559266   172  -126372.9725593  -126372.9716076  -126372.9711168  9 16   1   1   0   0
   56   -126372.972559266   193  -126372.9725593  -126372.9716342  -126372.9711168  6 21   1   1   0   0
   57   -126372.972559266   208  -126372.9725593  -126372.9716577  -126372.9711168  4 15   1   1   0   0
   58   -126372.972559266   226  -126372.9725593  -126372.9716869  -126372.9711168  4 18   1   1   0   0
   59   -126372.972559266   248  -126372.9725593  -126372.9717087  -126372.9711168  6 22   1   1   0   0
   60   -126372.972559266   262  -126372.9725593  -126372.9717271  -126372.9711168  2 14   1   1   0   0
   61   -126372.972559266   277  -126372.9725593  -126372.9717340  -126372.9711168  1 15   1   1   0   0
   62   -126372.972559266   295  -126372.9725593  -126372.9717759  -126372.9711588  4 18   1   1   0   0
   63   -126372.972559266   314  -126372.9725593  -126372.9717876  -126372.9711588  2 19   1   1   0   0
   64   -126372.972559266   332  -126372.9725593  -126372.9718216  -126372.9711588  7 18   1   1   0   0
   65   -126372.972559266   350  -126372.9725593  -126372.9718328  -126372.9711588  2 18   1   1   0   0
   66   -126372.972559266   369  -126372.9725593  -126372.9718676  -126372.9712584  7 19   1   1   0   0
   67   -126372.972559266   385  -126372.9725593  -126372.9718950  -126372.9712584  4 16   1   1   0   0
   68   -126372.972559266   403  -126372.9725593  -126372.9718987  -126372.9712584  1 18   1   1   0   0
   69   -126372.972559266   420  -126372.9725593  -126372.9719181  -126372.9715272  3 17   1   1   0   0
   70   -126372.972559266   434  -126372.9725593  -126372.9719249  -126372.9715272  1 14   1   1   0   0
   71   -126372.972559266   452  -126372.9725593  -126372.9719298  -126372.9715272  1 18   1   1   0   0
   72   -126372.972559266   470  -126372.9725593  -126372.9719398  -126372.9715272  2 18   1   1   0   0
   73   -126372.972559266   489  -126372.9725593  -126372.9719521  -126372.9715272  3 19   1   1   0   0
   74   -126372.972559266   506  -126372.9725593  -126372.9719580  -126372.9716832  1 17   1   1   0   0
   75   -126372.972559266   520  -126372.9725593  -126372.9719603  -126372.9716832  1 14   1   1   0   0
   76   -126372.972559266   537  -126372.9725593  -126372.9719783  -126372.9716941  3 17   1   1   0   0
   77   -126372.972559266   558  -126372.9725593  -126372.9719872  -126372.9716941  3 21   1   1   0   0
   78   -126372.974916084   571  -126372.9749161  -126372.9726269  -126372.9717714 13 13   1   1   0   0
   79   -126372.974916204   577  -126372.9749162  -126372.9729293  -126372.9718039  6  6   1   1   0   0
   80   -126372.974916204   579  -126372.9749162  -126372.9730181  -126372.9718039  2  2   1   1   0   0
   81   -126372.974916204   580  -126372.9749162  -126372.9730683  -126372.9718039  1  1   1   1   0   0
   82   -126372.974916204   582  -126372.9749162  -126372.9731720  -126372.9718675  2  2   1   1   0   0
   83   -126372.974916204   584  -126372.9749162  -126372.9732726  -126372.9718889  2  2   1   1   0   0
   84   -126372.974916204   586  -126372.9749162  -126372.9733597  -126372.9718889  2  2   1   1   0   0
   85   -126372.974916204   588  -126372.9749162  -126372.9734562  -126372.9718889  2  2   1   1   0   0
   86   -126372.974916204   590  -126372.9749162  -126372.9735420  -126372.9718889  2  2   1   1   0   0
   87   -126372.974916204   590  -126372.9749162  -126372.9735420  -126372.9718889  0  0   1   1   0   0
   88   -126372.974916204   592  -126372.9749162  -126372.9736277  -126372.9718889  2  2   1   1   0   0
   89   -126372.974916204   597  -126372.9749162  -126372.9738241  -126372.9718889  5  5   1   1   0   0
   90   -126372.974916204   599  -126372.9749157  -125550.8105729  -125056.9772065  2  2   1  90   0   1
   91   -126372.974916204   599  -126372.9749157  -126215.4711626  -125736.9780370 55  0   1  90   0   1
   92   -126372.974916204   599  -126372.9749157  -126304.7211857  -126240.9697916 39  0   1  90   0   1
   93   -126372.974916204   599  -126372.9749157  -126329.7376426  -126294.9726962 34  0   1  90   0   1
   94   -126372.974916204   599  -126372.9749157  -126342.0377984  -126318.9701147 30  0   1  90   0   1
   95   -126372.974916204   599  -126372.9749157  -126352.0377418  -126336.9718298 30  0   1  90   0   1
   96   -126372.974916204   599  -126372.9749157  -126358.4042479  -126344.9715612 28  0   1  90   0   1
   97   -126372.974916204   599  -126372.9749157  -126361.8708985  -126354.9705547 21  0   1  90   0   1
   98   -126372.974916204   599  -126372.9749157  -126364.3375596  -126358.9721124 26  0   1  90   0   1
   99   -126372.974916204   599  -126372.9749157  -126365.9375018  -126360.9716491 25  0   1  90   0   1
  100   -126372.974916204   599  -126372.9749157  -126366.8376531  -126362.9702661 14  0   1  90   0   1
  101   -126372.974916204   599  -126372.9749157  -126367.4376769  -126364.9698097 12  0   1  90   0   1
  102   -126372.974916204   600  -126372.9749157  -126368.1710073  -126364.9701656 19  1   1  90   0   1
  103   -126372.974916204   600  -126372.9749157  -126368.6710093  -126366.9698592 10  0   1  90   0   1
  104   -126372.974916204   600  -126372.9749157  -126369.4043096  -126366.9705510 15  0   1  90   0   1
  105   -126372.974916204   600  -126372.9749157  -126370.0376078  -126366.9711378 14  0   1  90   0   1
  106   -126372.974916204   600  -126372.9749157  -126370.3708967  -126368.9701625  9  0   1  90   0   1
  107   -126372.974916204   600  -126372.9749157  -126370.5375228  -126368.9701625  8  0   1  90   0   1
  108   -126372.974916204   601  -126372.9749157  -126370.9708062  -126368.9701625 12  1   1  90   0   1
  109   -126372.974916204   602  -126372.9749157  -126371.1041784  -126370.9692608  6  1   1  90   0   1
  110   -126372.974916204   604  -126372.9749157  -126371.1709235  -126370.9692608  5  2   1  90   0   1
  111   -126372.974916204   606  -126372.9749157  -126371.2376351  -126370.9696456 10  2   1  90   0   1
  112   -126372.974916204   609  -126372.9749157  -126371.3376257  -126370.9696456  5  3   1  90   0   1
  113   -126372.974916204   613  -126372.9749157  -126371.4709192  -126370.9696456  7  4   1  90   0   1
  114   -126372.974916204   617  -126372.9749157  -126371.6042266  -126370.9695234  6  4   1  90   0   1
  115   -126372.974916204   622  -126372.9749157  -126371.7708597  -126370.9695234  7  5   1  90   0   1
  116   -126372.974916204   628  -126372.9749157  -126371.9708765  -126370.9700183 11  6   1  90   0   1
  117   -126372.974916204   634  -126372.9749157  -126372.1709072  -126370.9700712  7  6   1  90   0   1
  118   -126372.974916204   642  -126372.9749157  -126372.4376057  -126370.9700712  8  8   1  90   0   1
  119   -126372.974916204   650  -126372.9749157  -126372.7042791  -126370.9700712  8  8   1  90   0   1
  120   -126372.974916204   662  -126372.9749157  -126372.9709938  -126372.9696080 11 12   1  90   0   1
  121   -126372.974916204   678  -126372.9749157  -126372.9711409  -126372.9699800  9 16   1  90   0   1
  122   -126372.974916204   695  -126372.9749157  -126372.9712639  -126372.9703037 10 17   1  90   0   1
  123   -126372.974916204   712  -126372.9749157  -126372.9713969  -126372.9704720  9 17   1  90   0   1
  124   -126372.974916204   721  -126372.9749157  -126372.9714199  -126372.9704720  3  9   1  90   0   1
  125   -126372.974916204   735  -126372.9749157  -126372.9714965  -126372.9707046  8 14   1  90   0   1
  126   -126372.974916204   748  -126372.9749157  -126372.9715442  -126372.9707046  6 13   1  90   0   1
  127   -126372.974916204   770  -126372.9749157  -126372.9716219  -126372.9707046  6 22   1  90   0   1
  128   -126372.974916204   786  -126372.9749157  -126372.9716752  -126372.9710187  5 16   1  90   0   1
  129   -126372.974916204   800  -126372.9749157  -126372.9717042  -126372.9710187  5 14   1  90   0   1
  130   -126372.974916204   822  -126372.9749157  -126372.9717397  -126372.9710187  5 22   1  90   0   1
  131   -126372.974916204   833  -126372.9749157  -126372.9717625  -126372.9710187  5 11   1  90   0   1
  132   -126372.974916204   846  -126372.9749157  -126372.9717651  -126372.9710187  1 13   1  90   0   1
  133   -126372.974916204   857  -126372.9749157  -126372.9717746  -126372.9710187  2 11   1  90   0   1
  134   -126372.974916204   870  -126372.9749157  -126372.9717861  -126372.9710187  2 13   1  90   0   1
  135   -126372.974916204   885  -126372.9749157  -126372.9718058  -126372.9710187  2 15   1  90   0   1
  136   -126372.974916204   900  -126372.9749157  -126372.9718570  -126372.9711591  5 15   1  90   0   1
  137   -126372.974916204   914  -126372.9749157  -126372.9718781  -126372.9711591  2 14   1  90   0   1
  138   -126372.974916204   933  -126372.9749157  -126372.9719006  -126372.9711591  6 19   1  90   0   1
  139   -126372.974916204   947  -126372.9749157  -126372.9719147  -126372.9711591  2 14   1  90   0   1
  140   -126372.974916204   962  -126372.9749157  -126372.9719193  -126372.9711591  2 15   1  90   0   1
  141   -126372.974916204   977  -126372.9749157  -126372.9719193  -126372.9711591  0 15   1  90   0   1
  142   -126372.974916204   990  -126372.9749157  -126372.9719309  -126372.9711591  1 13   1  90   0   1
  143   -126372.974916204  1003  -126372.9749157  -126372.9719309  -126372.9711591  0 13   1  90   0   1
  144   -126372.974916204  1022  -126372.9749157  -126372.9719342  -126372.9711591  1 19   1  90   0   1
  145   -126372.974916204  1037  -126372.9749157  -126372.9719578  -126372.9711591  4 15   1  90   0   1
  146   -126372.974916204  1048  -126372.9749157  -126372.9719578  -126372.9711591  0 11   1  90   0   1
  147   -126372.974916204  1058  -126372.9749157  -126372.9719797  -126372.9711591  2 10   1  90   0   1
  148   -126372.974916204  1076  -126372.9749157  -126372.9719855  -126372.9711591  2 18   1  90   0   1
  149   -126372.974916204  1093  -126372.9749157  -126372.9720005  -126372.9711591  3 17   1  90   0   1
  150   -126372.974916204  1095  -126372.9749161  -126372.9728854  -126372.9717516 17  2   1  90   0   1
  151   -126372.974916204  1096  -126372.9749161  -126372.9730850  -126372.9718009  4  1   1  90   0   1
  152   -126372.974916204  1098  -126372.9749161  -126372.9732338  -126372.9718009  3  2   1  90   0   1
  153   -126372.974916204  1098  -126372.9749162  -126372.9733834  -126372.9718242  3  0   1  90   0   1
  154   -126372.974916204  1098  -126372.9749162  -126372.9734319  -126372.9718242  1  0   1  90   0   1
  155   -126372.974916204  1098  -126372.9749162  -126372.9734799  -126372.9718242  1  0   1  90   0   1
  156   -126372.974916204  1098  -126372.9749162  -126372.9735935  -126372.9718463  3  0   1  90   0   1
  157   -126372.974916204  1102  -126372.9749162  -126372.9737549  -126372.9719093  4  4   1  90   0   1
  158   -126372.974916204  1103  -126372.9749162  -126372.9737920  -126372.9719093  1  1   1  90   0   1
  159   -126372.974916204  1103  -126372.9749162  -126372.9738284  -126372.9719093  1  0   1  90   0   1
  160   -126372.974916204  1105  -126372.9749162  -126372.9739009  -126372.9719093  2  2   1  90   0   1
  161   -126372.974916204  1107  -126372.9749148  -125526.2108281  -125190.9806941  2  2   1 161   0   2
  162   -126372.974916204  1107  -126372.9749148  -126217.6881068  -125778.9770198 55  0   1 161   0   2
  163   -126372.974916204  1107  -126372.9749148  -126289.7377841  -126213.9726779 37  0   1 161   0   2
  164   -126372.974916204  1107  -126372.9749148  -126323.5877023  -126284.9696611 35  0   1 161   0   2
  165   -126372.974916204  1107  -126372.9749148  -126342.3044315  -126320.9700385 33  0   1 161   0   2
  166   -126372.974916204  1107  -126372.9749148  -126352.2043509  -126338.9710409 30  0   1 161   0   2
  167   -126372.974916204  1107  -126372.9749148  -126357.9710834  -126348.9689815 30  0   1 161   0   2
  168   -126372.974916204  1107  -126372.9749148  -126361.5376872  -126354.9714294 26  0   1 161   0   2
  169   -126372.974916204  1107  -126372.9749148  -126363.4377236  -126358.9699862 22  0   1 161   0   2
  170   -126372.974916204  1107  -126372.9749148  -126364.5377598  -126360.9704255 20  0   1 161   0   2
  171   -126372.974916204  1107  -126372.9749148  -126365.4376676  -126362.9696371 19  0   1 161   0   2
  172   -126372.974916204  1107  -126372.9749148  -126365.9710495  -126362.9712326 16  0   1 161   0   2
  173   -126372.974916204  1107  -126372.9749148  -126366.5377151  -126362.9713743 16  0   1 161   0   2
  174   -126372.974916204  1107  -126372.9749148  -126367.1043703  -126364.9696768 13  0   1 161   0   2
  175   -126372.974916204  1107  -126372.9749148  -126367.6043842  -126364.9708775 17  0   1 161   0   2
