    1   -126304.970426235     1  -125898.9765779  -126201.5715748  -126252.9696895 55  1   1   1   0   0
    2   -126350.972113540     1  -126284.9722211  -126289.9711537  -126256.9720140 37  1   1   1   0   0
    3   -126356.970817909     1  -126290.9694576  -126322.2879353  -126310.9727733 32  1   1   1   0   0
    4   -126356.971289393     2  -126330.9715912  -126338.7712992  -126320.9701066 33  1   1   1   0   0
    5   -126364.971806209     1  -126350.9721135  -126347.5714068  -126334.9718071 29  1   1   1   0   0
    6   -126364.971806209     3  -126350.9721135  -126354.1048756  -126348.9704769 29  2   1   1   0   0
    7   -126366.971744370     3  -126350.9721135  -126357.6714864  -126356.9727703 25  3   1   1   0   0
    8   -126366.971744370     3  -126356.9708179  -126360.0047896  -126356.9719160 20  0   1   1   0   0
    9   -126368.970358864     1  -126362.9710882  -126362.2047083  -126358.9716763 24  1   1   1   0   0
   10   -126368.970900658     2  -126362.9710882  -126363.8045950  -126360.9726276 20  1   1   1   0   0
   11   -126368.970900658     3  -126362.9710882  -126365.0377679  -126364.9709035 19  1   1   1   0   0
   12   -126368.971632764     5  -126364.9718062  -126365.9044766  -126366.9710306 15  2   1   1   0   0
   13   -126368.971632764     5  -126366.9710173  -126366.3710617  -126366.9707966 14  0   1   1   0   0
   14   -126370.971608124     1  -126366.9710173  -126366.9044557  -126368.9701453 13  1   1   1   0   0
   15   -126370.971608124     1  -126366.9710173  -126367.2711881  -126366.9718495  8  0   1   1   0   0
   16   -126370.971608124     1  -126366.9710173  -126367.5045254  -126366.9711741 11  0   1   1   0   0
   17   -126370.971608124     1  -126366.9708856  -126367.6711816  -126368.9706008  8  0   1   1   0   0
   18   -126370.971608124     3  -126366.9708856  -126368.0711046  -126368.9706402 11  2   1   1   0   0
   19   -126370.971608124     3  -126368.9703589  -126368.4044400  -126368.9716459 10  0   1   1   0   0
   20   -126370.971608124     4  -126368.9703589  -126368.7376478  -126368.9712382  9  1   1   1   0   0
   21   -126370.971608124     7  -126368.9703589  -126369.2043389  -126370.9710752 11  3   1   1   0   0
   22   -126372.971721432     1  -126368.9703589  -126369.3377280  -126370.9715391  6  1   1   1   0   0
   23   -126372.971721432     1  -126368.9703589  -126369.5377605  -126370.9721065  9  0   1   1   0   0
   24   -126372.971721432     2  -126368.9703589  -126369.8710889  -126370.9688325 10  1   1   1   0   0
   25   -126372.971721432     2  -126368.9703589  -126370.0710866  -126370.9713381  9  0   1   1   0   0
   26   -126372.971721432     2  -126368.9703589  -126370.3710769  -126370.9714936  9  0   1   1   0   0
   27   -126372.971721432     2  -126368.9703589  -126370.6376945  -126370.9713155  9  0   1   1   0   0
   28   -126372.971721432     3  -126368.9703589  -126370.9710210  -126370.9715443  9  1   1   1   0   0
   29   -126372.972175423     5  -126370.9716081  -126371.1377469  -126370.9717920 12  2   1   1   0   0
   30   -126372.972175423     6  -126370.9716081  -126371.1711434  -126370.9714157  7  1   1   1   0   0
   31   -126372.972175423     7  -126370.9716081  -126371.2044873  -126372.9720802  6  1   1   1   0   0
   32   -126372.972175423     9  -126370.9716081  -126371.2711504  -126370.9713006  7  2   1   1   0   0
   33   -126372.972175423    12  -126370.9716081  -126371.3711092  -126370.9701775  8  3   1   1   0   0
   34   -126372.972175423    15  -126370.9716081  -126371.4710968  -126370.9704018  6  3   1   1   0   0
   35   -126372.972175423    17  -126370.9707535  -126371.5377602  -126370.9716403  5  2   1   1   0   0
   36   -126372.972175423    22  -126370.9707535  -126371.7044953  -126372.9717240 11  5   1   1   0   0
   37   -126372.972622901    31  -126370.9707535  -126372.0045132  -126372.9712923  9  9   1   1   0   0
   38   -126372.972622901    38  -126370.9706941  -126372.2377966  -126370.9713202 11  7   1   1   0   0
   39   -126372.972622901    46  -126370.9706941  -126372.5044707  -126370.9722577  9  8   1   1   0   0
   40   -126372.972622901    63  -126372.9717214  -126372.9712739  -126372.9713766 17 17   1   1   0   0
   41   -126372.972622901    83  -126372.9717214  -126372.9714701  -126372.9712127 12 20   1   1   0   0
   42   -126372.972622901   100  -126372.9717214  -126372.9715717  -126372.9715342  8 17   1   1   0   0
   43   -126372.972622901   115  -126372.9717214  -126372.9716358  -126372.9724836  5 15   1   1   0   0
   44   -126372.972622901   132  -126372.9717214  -126372.9717001  -126372.9717971  7 17   1   1   0   0
   45   -126372.972622901   151  -126372.9717214  -126372.9717285  -126372.9719072  3 19   1   1   0   0
   46   -126372.972622901   164  -126372.9717214  -126372.9717507  -126372.9715433  3 13   1   1   0   0
   47   -126372.972622901   182  -126372.9717214  -126372.9717837  -126372.9716404  5 18   1   1   0   0
   48   -126372.972622901   200  -126372.9717214  -126372.9718055  -126372.9716270  4 18   1   1   0   0
   49   -126372.972622901   217  -126372.9717214  -126372.9718135  -126372.9716015  2 17   1   1   0   0
   50   -126372.972622901   233  -126372.9717214  -126372.9718488  -126372.9721616  6 16   1   1   0   0
   51   -126372.972622901   246  -126372.9717214  -126372.9718755  -126372.9719692  3 13   1   1   0   0
   52   -126372.972622901   266  -126372.9721754  -126372.9718895  -126372.9720151  4 20   1   1   0   0
   53   -126372.972622901   275  -126372.9721754  -126372.9718946  -126372.9718722  1  9   1   1   0   0
   54   -126372.972622901   291  -126372.9721754  -126372.9719058  -126372.9719356  4 16   1   1   0   0
   55   -126372.972622901   306  -126372.9721754  -126372.9719137  -126372.9720055  2 15   1   1   0   0
   56   -126372.972622901   325  -126372.9721754  -126372.9719193  -126372.9720185  1 19   1   1   0   0
   57   -126372.972622901   338  -126372.9721754  -126372.9719247  -126372.9718222  2 13   1   1   0   0
   58   -126372.972622901   356  -126372.9721754  -126372.9719547  -126372.9723846  4 18   1   1   0   0
   59   -126372.972622901   376  -126372.9721754  -126372.9719547  -126372.9723846  0 20   1   1   0   0
   60   -126372.972622901   391  -126372.9721754  -126372.9719591  -126372.9718922  1 15   1   1   0   0
   61   -126372.972622901   405  -126372.9721754  -126372.9719591  -126372.9718922  0 14   1   1   0   0
   62   -126372.974916084   417  -126372.9721754  -126372.9725706  -126372.9748393 12 12   1   1   0   0
   63   -126372.974916084   424  -126372.9721754  -126372.9729203  -126372.9749147  7  7   1   1   0   0
   64   -126372.974916204   430  -126372.9721754  -126372.9732115  -126372.9748511  6  6   1   1   0   0
   65   -126372.974916204   431  -126372.9721754  -126372.9732499  -126372.9741335  1  1   1   1   0   0
   66   -126372.974916204   431  -126372.9721754  -126372.9732499  -126372.9741335  0  0   1   1   0   0
   67   -126372.974916204   436  -126372.9721754  -126372.9734543  -126372.9741979  5  5   1   1   0   0
   68   -126372.974916204   436  -126372.9721754  -126372.9734543  -126372.9741979  0  0   1   1   0   0
   69   -126372.974916204   438  -126372.9721754  -126372.9735320  -126372.9741989  2  2   1   1   0   0
   70   -126372.974916204   441  -126372.9721754  -126372.9736465  -126372.9741975  3  3   1   1   0   0
   71   -126374.974179924     1  -126372.9721754  -126373.0069795  -126374.9741799  3  1   1   1   0   0
   72   -126374.974179924     1  -126372.9721754  -126373.0069795  -126374.9741799  0  0   1   1   0   0
   73   -126374.974179924     1  -126372.9721754  -126373.0069794  -126372.9741873  1  0   1   1   0   0
   74   -126374.974179924     1  -126372.9721754  -126373.0069796  -126372.9742036  1  0   1   1   0   0
   75   -126374.974179924     1  -126374.9741799  -125550.8438940  -125632.9742368  0  0   1  75   0   1
   76   -126374.974179924     1  -126374.9741799  -126205.4213112  -126152.9694265 55  0   1  75   0   1
   77   -126374.974179924     1  -126374.9741799  -126283.0879420  -126268.9725660 36  0   1  75   0   1
   78   -126374.974179924     1  -126374.9741799  -126313.9210093  -126328.9710054 37  0   1  75   0   1
   79   -126374.974179924     1  -126374.9741799  -126334.1377126  -126310.9717047 37  0   1  75   0   1
   80   -126374.974179924     1  -126374.9741799  -126345.6711763  -126332.9707533 34  0   1  75   0   1
   81   -126374.974179924     1  -126374.9741799  -126353.4377712  -126350.9716040 27  0   1  75   0   1
   82   -126374.974179924     1  -126374.9741799  -126358.8043271  -126360.9711444 28  0   1  75   0   1
   83   -126374.974179924     1  -126374.9741799  -126362.7043062  -126366.9712893 27  0   1  75   0   1
   84   -126374.974179924     1  -126374.9741799  -126364.8709732  -126368.9711401 25  0   1  75   0   1
   85   -126374.974179924     1  -126374.9741799  -126365.9709476  -126364.9708731 19  0   1  75   0   1
   86   -126374.974179924     1  -126374.9741799  -126366.9042641  -126366.9708868 18  0   1  75   0   1
   87   -126374.974179924     1  -126374.9741799  -126367.5376339  -126366.9720480 14  0   1  75   0   1
   88   -126374.974179924     1  -126374.9741799  -126368.2376066  -126368.9716217 16  0   1  75   0   1
   89   -126374.974179924     1  -126374.9741799  -126368.5042641  -126368.9715871  9  0   1  75   0   1
   90   -126374.974179924     1  -126374.9741799  -126368.8708493  -126368.9694164 11  0   1  75   0   1
   91   -126374.974179924     1  -126374.9741799  -126369.3708996  -126368.9704299 12  0   1  75   0   1
   92   -126374.974179924     1  -126374.9741799  -126369.6708286  -126370.9714997 11  0   1  75   0   1
   93   -126374.974179924     1  -126374.9741799  -126369.9041949  -126368.9703655 11  0   1  75   0   1
   94   -126374.974179924     1  -126374.9741799  -126370.2041499  -126370.9710827  9  0   1  75   0   1
   95   -126374.974179924     1  -126374.9741799  -126370.4041212  -126370.9701274  5  0   1  75   0   1
   96   -126374.974179924     1  -126374.9741799  -126370.8374154  -126370.9712479 11  0   1  75   0   1
   97   -126374.974179924     1  -126374.9741799  -126371.2374188  -126370.9714577 10  0   1  75   0   1
   98   -126374.974179924     1  -126374.9741799  -126371.4707378  -126370.9700542 11  0   1  75   0   1
   99   -126374.974179924     1  -126374.9741799  -126371.6374078  -126370.9706979  7  0   1  75   0   1
  100   -126374.974179924     2  -126374.9741799  -126371.9708030  -126372.9707410 13  1   1  75   0   1
  101   -126374.974179924     2  -126374.9741799  -126372.1041435  -126370.9691873  7  0   1  75   0   1
  102   -126374.974179924     2  -126374.9741799  -126372.2708018  -126372.9707471  6  0   1  75   0   1
  103   -126374.974179924     2  -126374.9741799  -126372.6708073  -126372.9703512 12  0   1  75   0   1
  104   -126374.974179924     2  -126374.9741799  -126373.0373090  -126372.9707036 12  0   1  75   0   1
  105   -126374.974179924     2  -126374.9741799  -126373.0373523  -126372.9704046  5  0   1  75   0   1
  106   -126374.974179924     2  -126374.9741799  -126373.0374193  -126372.9715090  6  0   1  75   0   1
  107   -126374.974179924     2  -126374.9741799  -126373.0374637  -126372.9698955  9  0   1  75   0   1
  108   -126374.974179924     2  -126374.9741799  -126373.0374808  -126372.9703633 10  0   1  75   0   1
  109   -126374.974179924     2  -126374.9741799  -126373.0375456  -126372.9709982  8  0   1  75   0   1
  110   -126374.974179924     2  -126374.9741799  -126373.0375468  -126372.9702330  3  0   1  75   0   1
  111   -126374.974179924     2  -126374.9741799  -126373.0375577  -126372.9703762  2  0   1  75   0   1
  112   -126374.974179924     2  -126374.9741799  -126373.0375280  -126372.9719807  5  0   1  75   0   1
  113   -126374.974179924     2  -126374.9741799  -126373.0375483  -126372.9700890  3  0   1  75   0   1
  114   -126374.974179924     3  -126374.9741799  -126373.0709395  -126374.9705074 10  1   1  75   0   1
  115   -126374.974179924     3  -126374.9741799  -126373.0709097  -126372.9699084  4  0   1  75   0   1
  116   -126374.974179924     3  -126374.9741799  -126373.0709466  -126372.9699064  4  0   1  75   0   1
  117   -126374.974179924     3  -126374.9741799  -126373.0710326  -126372.9707490  5  0   1  75   0   1
  118   -126374.974179924     3  -126374.9741799  -126373.0710425  -126372.9712564  2  0   1  75   0   1
  119   -126374.974179924     3  -126374.9741799  -126373.0710312  -126372.9701427  3  0   1  75   0   1
  120   -126374.974179924     3  -126374.9741799  -126373.0710360  -126372.9706430  5  0   1  75   0   1
  121   -126374.974179924     3  -126374.9741799  -126373.0710584  -126372.9712089  4  0   1  75   0   1
  122   -126374.974179924     4  -126374.9741799  -126373.1043716  -126372.9706415  4  1   1  75   0   1
  123   -126374.974179924     4  -126374.9741799  -126373.1043606  -126372.9709052  4  0   1  75   0   1
  124   -126374.974179924     4  -126374.9741799  -126373.1043182  -126372.9697322  2  0   1  75   0   1
  125   -126374.974179924     5  -126374.9741799  -126373.1376593  -126372.9707623  2  1   1  75   0   1
  126   -126374.974179924     7  -126374.9741799  -126373.2044290  -126374.9741798  2  2   1  75   0   1
  127   -126374.974179924     7  -126374.9741799  -126373.2044290  -126374.9741798  0  0   1  75   0   1
  128   -126374.974179924     7  -126374.9741799  -126373.2044290  -126374.9741798  0  0   1  75   0   1
  129   -126374.974180203     9  -126374.9741799  -126373.2712137  -126374.9741144  2  2   1  75   0   1
  130   -126374.974180322    10  -126374.9741799  -126373.3045958  -126374.9741803  1  1   1  75   0   1
  131   -126374.974180322    11  -126374.9741799  -126373.3379731  -126374.9741022  1  1   1  75   0   1
  132   -126374.974180322    12  -126374.9741799  -126373.3713765  -126374.9741147  1  1   1  75   0   1
  133   -126374.974180322    14  -126374.9741799  -126373.4381548  -126374.9741686  2  2   1  75   0   1
  134   -126374.974180322    14  -126374.9741799  -126373.4381548  -126374.9741686  0  0   1  75   0   1
  135   -126374.974180322    14  -126374.9741799  -126373.4381548  -126374.9741686  0  0   1  75   0   1
  136   -126374.974180322    14  -126374.9741803  -125526.2441492  -125614.9763631  0  0   1 136   0   2
  137   -126374.974180322    14  -126374.9741803  -126205.7545183  -126226.9711915 55  0   1 136   0   2
  138   -126374.974180322    14  -126374.9741803  -126293.2542991  -126274.9704908 42  0   1 136   0   2
  139   -126374.974180322    14  -126374.9741803  -126326.9709641  -126330.9694660 35  0   1 136   0   2
  140   -126374.974180322    14  -126374.9741803  -126346.8376548  -126336.9711815 35  0   1 136   0   2
  141   -126374.974180322    14  -126374.9741803  -126356.6210257  -126344.9717442 29  0   1 136   0   2
  142   -126374.974180322    14  -126374.9741803  -126361.5042388  -126354.9708931 27  0   1 136   0   2
  143   -126374.974180322    14  -126374.9741803  -126363.7041730  -126364.9712585 22  0   1 136   0   2
  144   -126374.974180322    14  -126374.9741803  -126365.2708462  -126366.9704081 25  0   1 136   0   2
  145   -126374.974180322    14  -126374.9741803  -126366.3375362  -126368.9710979 19  0   1 136   0   2
  146   -126374.974180322    14  -126374.9741803  -126367.0376707  -126366.9715798 14  0   1 136   0   2
  147   -126374.974180322    14  -126374.9741803  -126367.5043496  -126368.9709959 10  0   1 136   0   2
  148   -126374.974180322    14  -126374.9741803  -126367.9376474  -126366.9720132 12  0   1 136   0   2
  149   -126374.974180322    14  -126374.9741803  -126368.2376148  -126368.9711396 11  0   1 136   0   2
  150   -126374.974180322    14  -126374.9741803  -126368.7042180  -126368.9709641 10  0   1 136   0   2
  151   -126374.974180322    14  -126374.9741803  -126369.1374947  -126368.9723648 10  0   1 136   0   2
  152   -126374.974180322    14  -126374.9741803  -126369.5708126  -126368.9707690 12  0   1 136   0   2
  153   -126374.974180322    14  -126374.9741803  -126369.7707760  -126370.9707882 11  0   1 136   0   2
  154   -126374.974180322    14  -126374.9741803  -126369.9708440  -126368.9718948  8  0   1 136   0   2
  155   -126374.974180322    14  -126374.9741803  -126370.2374625  -126370.9717363 10  0   1 136   0   2
  156   -126374.974180322    14  -126374.9741803  -126370.8041303  -126372.9714884 13  0   1 136   0   2
  157   -126374.974180322    14  -126374.9741803  -126371.2374332  -126370.9708952 12  0   1 136   0   2
  158   -126374.974180322    14  -126374.9741803  -126371.3375099  -126370.9720489  8  0   1 136   0   2
  159   -126374.974180322    14  -126374.9741803  -126371.3708762  -126372.9715516  7  0   1 136   0   2
  160   -126374.974180322    14  -126374.9741803  -126371.5708823  -126372.9704668  9  0   1 136   0   2
  161   -126374.974180322    14  -126374.9741803  -126371.6708791  -126372.9717381  7  0   1 136   0   2
  162   -126374.974180322    14  -126374.9741803  -126371.7375317  -126370.9696679  5  0   1 136   0   2
  163   -126374.974180322    14  -126374.9741803  -126371.9375004  -126372.9711656  9  0   1 136   0   2
  164   -126374.974180322    14  -126374.9741803  -126372.1042054  -126372.9706289  7  0   1 136   0   2
  165   -126374.974180322    14  -126374.9741803  -126372.3708256  -126372.9702321  8  0   1 136   0   2
  166   -126374.974180322    14  -126374.9741803  -126372.6708322  -126372.9713994 10  0   1 136   0   2
  167   -126374.974180322    14  -126374.9741803  -126373.0041721  -126372.9707123 13  0   1 136   0   2
  168   -126374.974180322    14  -126374.9741803  -126373.0042657  -126372.9702885 12  0   1 136   0   2
  169   -126374.974180322    14  -126374.9741803  -126373.0043220  -126372.9705080  7  0   1 136   0   2
  170   -126374.974180322    14  -126374.9741803  -126373.0042821  -126372.9697723  7  0   1 136   0   2
  171   -126374.974180322    14  -126374.9741803  -126373.0042556  -126372.9700502  5  0   1 136   0   2
  172   -126374.974180322    14  -126374.9741803  -126373.0042799  -126372.9706732  3  0   1 136   0   2
  173   -126374.974180322    14  -126374.9741803  -126373.0042522  -126372.9723060  6  0   1 136   0   2
  174   -126374.974180322    14  -126374.9741803  -126373.0042507  -126372.9700793  3  0   1 136   0   2
  175   -126374.974180322    14  -126374.9741803  -126373.0042699  -126372.9707336  5  0   1 136   0   2
  176   -126374.974180322    14  -126374.9741803  -126373.0043124  -126372.9724960  3  0   1 136   0   2
  177   -126374.974180322    14  -126374.9741803  -126373.0042957  -126372.9708549  3  0   1 136   0   2
  178   -126374.974180322    14  -126374.9741803  -126373.0042900  -126372.9697900  3  0   1 136   0   2
  179   -126374.974180322    14  -126374.9741803  -126373.0042804  -126372.9710273  4  0   1 136   0   2
  180   -126374.974180322    14  -126374.9741803  -126373.0043087  -126372.9709437  9  0   1 136   0   2
  181   -126374.974180322    14  -126374.9741803  -126373.0043158  -126372.9703297  5  0   1 136   0   2
  182   -126374.974180322    14  -126374.9741803  -126373.0043472  -126372.9719641  1  0   1 136   0   2
  183   -126374.974180322    14  -126374.9741803  -126373.0043145  -126372.9699986  3  0   1 136   0   2
  184   -126374.974180322    14  -126374.9741803  -126373.0042782  -126372.9723957  7  0   1 136   0   2
  185   -126374.974180322    14  -126374.9741803  -126373.0043219  -126372.9706195  5  0   1 136   0   2
  186   -126374.974180322    14  -126374.9741803  -126373.0043936  -126372.9709664  7  0   1 136   0   2
  187   -126374.974180322    14  -126374.9741803  -126373.0044141  -126372.9705100  4  0   1 136   0   2
  188   -126374.974180322    14  -126374.9741803  -126373.0043880  -126372.9704438  4  0   1 136   0   2
  189   -126374.974180322    14  -126374.9741803  -126373.0044347  -126372.9708575  6  0   1 136   0   2
  190   -126374.974180322    14  -126374.9741803  -126373.0044347  -126372.9708575  0  0   1 136   0   2
  191   -126374.974180322    15  -126374.9741803  -126373.0377824  -126372.9706144  5  1   1 136   0   2
  192   -126374.974180322    15  -126374.9741803  -126373.0377950  -126372.9709986  1  0   1 136   0   2
  193   -126374.974180322    15  -126374.9741803  -126373.0378057  -126372.9710473  1  0   1 136   0   2
  194   -126374.974180322    15  -126374.9741803  -126373.0378390  -126372.9710179  3  0   1 136   0   2
  195   -126374.974180322    15  -126374.9741803  -126373.0378638  -126372.9714971  5  0   1 136   0   2
  196   -126374.974180322    15  -126374.9741803  -126373.0378554  -126372.9709435  3  0   1 136   0   2
  197   -126374.974180322    15  -126374.9741803  -126373.0378554  -126372.9709435  0  0   1 136   0   2
  198   -126374.974180322    17  -126374.9741803  -126373.1044833  -126374.9696567  5  2   1 136   0   2
  199   -126374.974180322    17  -126374.9741803  -126373.1044853  -126372.9699510  2  0   1 136   0   2
  200   -126374.974180322    17  -126374.9741803  -126373.1044991  -126372.9710791  2  0   1 136   0   2
  201   -126374.974180322    17  -126374.9741803  -126373.1378677  -126374.9741798  1  0   1 136   0   2
  202   -126374.974180322    17  -126374.9741803  -126373.1712527  -126374.9741144  1  0   1 136   0   2
  203   -126374.974180322    18  -126374.9741803  -126373.2380211  -126374.9741677  2  1   1 136   0   2
  204   -126374.974180322    18  -126374.9741803  -126373.2380211  -126374.9741677  0  0   1 136   0   2
  205   -126374.974180322    18  -126374.9741803  -126373.2380211  -126374.9741677  0  0   1 136   0   2
  206   -126374.974180322    18  -126374.9741803  -126373.2380211  -126374.9741677  0  0   1 136   0   2
  207   -126374.974180322    18  -126374.9741803  -126373.2713992  -126374.9741147  1  0   1 136   0   2
  208   -126374.974180322    19  -126374.9741803  -126373.3047827  -126374.9741674  1  1   1 136   0   2
  209   -126374.974180322    20  -126374.9741803  -126373.3381663  -126374.9741161  1  1   1 136   0   2
  210   -126374.974180322    20  -126374.9741803  -126373.3381663  -126374.9741161  0  0   1 136   0   2
  211   -126374.974180322    20  -126374.9741803  -125522.2437138  -125784.9747259  0  0   1 211   0   3
  212   -126374.974180322    20  -126374.9741803  -126201.3050358  -126266.9708683 55  0   1 211   0   3
  213   -126374.974180322    20  -126374.9741803  -126285.2712128  -126224.9704247 39  0   1 211   0   3
  214   -126374.974180322    20  -126374.9741803  -126326.8545328  -126290.9711994 32  0   1 211   0   3
  215   -126374.974180322    20  -126374.9741803  -126344.9878134  -126352.9706997 31  0   1 211   0   3
  216   -126374.974180322    20  -126374.9741803  -126353.8876912  -126352.9713214 29  0   1 211   0   3
  217   -126374.974180322    20  -126374.9741803  -126359.0042472  -126356.9710315 26  0   1 211   0   3
  218   -126374.974180322    20  -126374.9741803  -126362.9375265  -126366.9707197 25  0   1 211   0   3
  219   -126374.974180322    20  -126374.9741803  -126364.9708416  -126366.9698985 20  0   1 211   0   3
  220   -126374.974180322    20  -126374.9741803  -126366.1373973  -126368.9702744 19  0   1 211   0   3
  221   -126374.974180322    20  -126374.9741803  -126366.9374076  -126366.9711983 20  0   1 211   0   3
  222   -126374.974180322    20  -126374.9741803  -126367.7707366  -126370.9701520 17  0   1 211   0   3
  223   -126374.974180322    20  -126374.9741803  -126368.1708025  -126368.9707080 10  0   1 211   0   3
  224   -126374.974180322    20  -126374.9741803  -126368.6040792  -126370.9701528 10  0   1 211   0   3
  225   -126374.974180322    20  -126374.9741803  -126369.0373320  -126368.9718174 13  0   1 211   0   3
  226   -126374.974180322    20  -126374.9741803  -126369.5706098  -126368.9713726 13  0   1 211   0   3
  227   -126374.974180322    20  -126374.9741803  -126369.7706466  -126370.9708097 10  0   1 211   0   3
  228   -126374.974180322    20  -126374.9741803  -126370.0039884  -126370.9705729 10  0   1 211   0   3
  229   -126374.974180322    20  -126374.9741803  -126370.3040287  -126372.9708758  9  0   1 211   0   3
  230   -126374.974180322    20  -126374.9741803  -126370.6373309  -126370.9705544  9  0   1 211   0   3
  231   -126374.974180322    20  -126374.9741803  -126371.0039714  -126370.9696436  9  0   1 211   0   3
  232   -126374.974180322    20  -126374.9741803  -126371.2372912  -126370.9703462  8  0   1 211   0   3
  233   -126374.974180322    20  -126374.9741803  -126371.3373836  -126370.9699464  7  0   1 211   0   3
  234   -126374.974180322    20  -126374.9741803  -126371.5707238  -126372.9708430 12  0   1 211   0   3
  235   -126374.974180322    20  -126374.9741803  -126371.8707391  -126372.9713114 12  0   1 211   0   3
  236   -126374.974180322    21  -126374.9741803  -126371.9707333  -126370.9696645  4  1   1 211   0   3
  237   -126374.974180322    21  -126374.9741803  -126372.1707797  -126370.9710316  8  0   1 211   0   3
  238   -126374.974180322    21  -126374.9741803  -126372.3706914  -126372.9700837  7  0   1 211   0   3
  239   -126374.974180322    21  -126374.9741803  -126372.6373252  -126372.9702940  8  0   1 211   0   3
  240   -126374.974180322    21  -126374.9741803  -126372.9373123  -126372.9708558  9  0   1 211   0   3
  241   -126374.974180322    21  -126374.9741803  -126373.0373090  -126372.9700699  6  0   1 211   0   3
  242   -126374.974180322    21  -126374.9741803  -126373.0373375  -126372.9715450  5  0   1 211   0   3
  243   -126374.974180322    21  -126374.9741803  -126373.0373702  -126372.9707291  3  0   1 211   0   3
  244   -126374.974180322    21  -126374.9741803  -126373.0373981  -126372.9711631  4  0   1 211   0   3
  245   -126374.974180322    21  -126374.9741803  -126373.0374094  -126372.9704392  2  0   1 211   0   3
  246   -126374.974180322    22  -126374.9741803  -126373.0707352  -126372.9707820  7  1   1 211   0   3
  247   -126374.974180322    22  -126374.9741803  -126373.0707466  -126372.9702995  3  0   1 211   0   3
  248   -126374.974180322    22  -126374.9741803  -126373.0708052  -126372.9703891  4  0   1 211   0   3
  249   -126374.974180322    22  -126374.9741803  -126373.0707792  -126372.9707566  5  0   1 211   0   3
  250   -126374.974180322    22  -126374.9741803  -126373.0707988  -126372.9714470  2  0   1 211   0   3
  251   -126374.974180322    24  -126374.9741803  -126373.1374915  -126372.9708512  8  2   1 211   0   3
  252   -126374.974180322    25  -126374.9741803  -126373.1708364  -126372.9713545  3  1   1 211   0   3
  253   -126374.974180322    25  -126374.9741803  -126373.1708379  -126372.9703349  1  0   1 211   0   3
  254   -126374.974180322    26  -126374.9741803  -126373.2041981  -126372.9704789  6  1   1 211   0   3
  255   -126374.974180322    26  -126374.9741803  -126373.2042238  -126372.9709710  1  0   1 211   0   3
  256   -126374.974180322    28  -126374.9741803  -126373.2708764  -126372.9719716  6  2   1 211   0   3
  257   -126374.974180322    29  -126374.9741803  -126373.3042170  -126372.9712133  8  1   1 211   0   3
  258   -126374.974180322    29  -126374.9741803  -126373.3042391  -126372.9705434  7  0   1 211   0   3
  259   -126374.974180322    32  -126374.9741803  -126373.4042376  -126374.9703609  6  3   1 211   0   3
  260   -126374.974180322    32  -126374.9741803  -126373.4042245  -126372.9710192  2  0   1 211   0   3
  261   -126374.974180322    33  -126374.9741803  -126373.4375519  -126374.9700946  1  1   1 211   0   3
  262   -126374.974180322    37  -126374.9741803  -126373.5708697  -126374.9706886  6  4   1 211   0   3
  263   -126374.974180322    37  -126374.9741803  -126373.5708825  -126372.9703528  1  0   1 211   0   3
  264   -126374.974180322    40  -126374.9741803  -126373.6708520  -126374.9701083  3  3   1 211   0   3
  265   -126374.974180322    42  -126374.9741803  -126373.7375088  -126374.9712142  2  2   1 211   0   3
  266   -126374.974180322    43  -126374.9741803  -126373.7708655  -126372.9709612  3  1   1 211   0   3
  267   -126374.974180322    44  -126374.9741803  -126373.8041957  -126374.9708320  2  1   1 211   0   3
  268   -126374.974180322    46  -126374.9741803  -126373.8708641  -126372.9711628  4  2   1 211   0   3
  269   -126374.974180322    49  -126374.9741803  -126373.9708576  -126374.9705106  3  3   1 211   0   3
  270   -126374.974180322    52  -126374.9741803  -126374.0708458  -126374.9708489  3  3   1 211   0   3
  271   -126374.974180322    59  -126374.9741803  -126374.3041177  -126374.9701112  7  7   1 211   0   3
  272   -126374.974180322    65  -126374.9741803  -126374.5041095  -126374.9707358  6  6   1 211   0   3
  273   -126374.974180322    73  -126374.9741803  -126374.7707157  -126374.9703525  8  8   1 211   0   3
  274   -126374.974180322    84  -126374.9741803  -126374.9706956  -126374.9705835 11 11   1 211   0   3
  275   -126374.974180322    90  -126374.9741803  -126374.9707203  -126374.9706132  4  6   1 211   0   3
  276   -126374.974180322    99  -126374.9741803  -126374.9707770  -126374.9708129  4  9   1 211   0   3
  277   -126374.974180322   107  -126374.9741803  -126374.9707986  -126374.9703645  4  8   1 211   0   3
  278   -126374.974180322   119  -126374.9741803  -126374.9708390  -126374.9708259  4 12   1 211   0   3
  279   -126374.974180322   131  -126374.9741803  -126374.9708924  -126374.9710930  6 12   1 211   0   3
  280   -126374.974180322   139  -126374.9741803  -126374.9709189  -126374.9712588  4  8   1 211   0   3
  281   -126374.974180322   150  -126374.9741803  -126374.9709478  -126374.9709673  5 11   1 211   0   3
  282   -126374.974180322   161  -126374.9741803  -126374.9709957  -126374.9713833  5 11   1 211   0   3
  283   -126374.974180322   171  -126374.9741803  -126374.9710201  -126374.9709815  6 10   1 211   0   3
  284   -126374.974180322   179  -126374.9741803  -126374.9710301  -126374.9709619  1  8   1 211   0   3
  285   -126374.974180322   185  -126374.9741803  -126374.9710544  -126374.9715870  3  6   1 211   0   3
  286   -126374.974180322   199  -126374.9741803  -126374.9710640  -126374.9710487  3 14   1 211   0   3
  287   -126374.974180322   212  -126374.9741803  -126374.9711154  -126374.9711095  6 13   1 211   0   3
  288   -126374.974180322   223  -126374.9741803  -126374.9711316  -126374.9711178  2 11   1 211   0   3
  289   -126374.974180322   236  -126374.9741803  -126374.9711393  -126374.9710411  1 13   1 211   0   3
  290   -126374.974180322   247  -126374.9741803  -126374.9711584  -126374.9715460  3 11   1 211   0   3
  291   -126374.974180322   261  -126374.9741803  -126374.9711873  -126374.9717243  4 14   1 211   0   3
  292   -126374.974180322   272  -126374.9741803  -126374.9712002  -126374.9711366  2 11   1 211   0   3
  293   -126374.974180322   279  -126374.9741803  -126374.9712052  -126374.9712226  1  7   1 211   0   3
  294   -126374.974180322   290  -126374.9741803  -126374.9712213  -126374.9712838  3 11   1 211   0   3
  295   -126374.974180322   303  -126374.9741803  -126374.9712409  -126374.9714277  4 13   1 211   0   3
  296   -126374.974180322   316  -126374.9741803  -126374.9712650  -126374.9715555  5 13   1 211   0   3
  297   -126374.974180322   322  -126374.9741803  -126374.9712759  -126374.9714140  2  6   1 211   0   3
  298   -126374.974180322   333  -126374.9741803  -126374.9712814  -126374.9711558  1 11   1 211   0   3
  299   -126374.974180322   339  -126374.9741803  -126374.9721129  -126374.9741031 16  6   1 211   0   3
  300   -126374.974180322   346  -126374.9741803  -126374.9724630  -126374.9741149  7  7   1 211   0   3
  301   -126374.974180322   350  -125270.9792446  -125492.5777316  -125686.9776338  6  4 301 211   1   3
